((("end_M" .
   [1 0 0 0 0])
  ("start_M" .
   [1 0 0 0 0 0 0])
  ("address" .
   [1 0 0 0 0 0 0])
  ("tag" .
   [1 0 0])
  ("target" .
   [6 0 0 0 0 1])
  ("line_num" .
   [0 0 0 1 0 1 0 2])
  ("line_per_set" .
   [0 0 0 0 0 0 0 0 0 0 0 1])
  ("set_bits" .
   [1 0 0 0 0 0 0 0])
  ("array" .
   [5 0 0 0 0])
  ("exit" .
   [1 0 0 0])
  ("perror" .
   [0 0 0 0 1 0])
  ("sizeof" .
   [0 0 0 0 1 0])
  ("malloc" .
   [1 0 0 0 0 0])
  ("index" .
   [11 0 0 0 2])
  ("cache_line_node" .
   [0 0 0 0 0 0 0 0 4 0 2 0 0 1 1])
  ("next" .
   [1 0 10 1])
  ("head" .
   [11 0 1 0])
  ("set_num" .
   [1 0 0 0 4 0 3])
  ("500" .
   [1 0 0])
  ("411" .
   [1 0 0])
  ("404" .
   [1 0 0])
  ("200" .
   [1 0 0])
  ("OK" .
   [1 0])
  ("status" .
   [1 0 0 0 0 0])
  ("enum" .
   [1 0 0 0])
  ("define" .
   [3 0 0 0 0 0])
  ("-Wall" .
   [1 0 0 0 0])
  ("gcc" .
   [3 0 0])
  ("liso_server" .
   [3 0 0 0 1 0 0 0 0 0 0])
  ("Copyright" .
   [0 0 0 1 0 0 0 0 0])
  ("ept_idx" .
   [0 0 0 0 1 0 0])
  ("count" .
   [2 0 0 0 0])
  ("memory" .
   [0 0 0 1 0 0])
  ("continue" .
   [2 0 0 0 0 0 0 0])
  ("free" .
   [1 0 0 0])
  ("buf" .
   [0 0 1])
  ("free_clients" .
   [0 0 0 0 0 1 0 0 0 0 0 0])
  ("sock" .
   [3 0 0 1])
  ("client" .
   [0 0 0 0 0 5])
  ("ret" .
   [1 0 0])
  ("else" .
   [1 0 0 0])
  ("ac-source-semantic" .
   [1 0 0 0 0 0 0 0 0 0 0 0 0 0 0 0 0 0])
  ("$0" .
   [1 0])
  ("INT_MIN" .
   [0 0 0 0 0 1 0])
  ("six" .
   [2 0 0])
  ("sux" .
   [1 0 1])
  ("short" .
   [2 0 0 0 0])
  ("int" .
   [10 0 0])
  ("unsigned" .
   [1 0 0 0 0 0 0 0])
  ("UINT_MAX" .
   [0 0 0 1 0 0 0 0])
  ("printf" .
   [0 0 0 3 0 1])
  ("for" .
   [12 0 1])
  ("MAX_CHANNELS" .
   [0 0 0 0 0 0 1 0 0 0 0 1])
  ("12" .
   [1 0])
  ("pkt_queue" .
   [2 0 0 0 0 1 0 1 0])
  ("packet_queue" .
   [0 0 0 0 0 0 0 0 0 0 0 1])
  ("struct" .
   [1 0 0 0 0 1])
  ("static" .
   [1 0 0 0 0 0])
  ("timestamp" .
   [0 0 0 0 0 0 0 0 2])
  ("prev_pts" .
   [2 0 0 0 0 0 0 0])
  ("prevent" .
   [0 0 0 1 0 0 0])
  ("channel" .
   [3 0 0 0 0 0 0])
  ("errno" .
   [0 0 0 0 1])
  ("strerror" .
   [0 0 0 0 0 1 0 0])
  ("NULL" .
   [4 0 1 0])
  ("cond" .
   [2 0 0 0])
  ("queue" .
   [0 0 0 0 1])
  ("pthread_cond_init" .
   [0 0 0 0 0 0 0 0 0 0 0 1 0 0 0 0 0])
  ("ptr" .
   [0 0 1])
  ("if" .
   [10 0])
  ("return" .
   [5 0 0 0 0 0])
  ("ERROR" .
   [2 0 0 0 1])
  ("25" .
   [1 0])
  ("64" .
   [2 0])
  ("sprintf" .
   [0 0 0 1 0 0 0])
  ("log_path" .
   [0 0 0 0 0 0 2 0])
  ("channel_id" .
   [1 0 0 0 0 0 0 0 0 0])
  ("ifdef" .
   [0 0 1 0 1])
  ("DEBUG_PTS" .
   [0 0 1 0 0 0 0 0 0])
  ("char" .
   [2 0 0 0])
  ("endif" .
   [0 0 0 0 1])
  ("PRIu8" .
   [1 0 0 0 0])
  ("mod" .
   [1 0 0])
  ("close" .
   [1 0 0 1 1])
  ("clients" .
   [2 0 0 0 0 0 0])
  ("buffer" .
   [2 0 0 0 0 0])
  ("max_sock" .
   [0 0 0 0 0 0 0 3])
  ("cli_sock" .
   [0 0 0 0 1 0 1 0])
  ("close_socket" .
   [1 0 0 0 0 0 0 0 1 0 0 0])
  ("connections" .
   [0 0 0 0 1 1 0 0 0 0 0])
  ("conn_num" .
   [0 0 0 0 0 1 0 1])
  ("typedef" .
   [0 0 0 0 0 0 1])
  ("Request" .
   [0 0 0 0 0 1 0])
  ("request_header" .
   [0 0 0 0 0 1 0 0 0 0 0 0 0 0])
  ("entity_header" .
   [0 0 0 0 1 0 0 0 0 0 0 0 0])
  ("msg_body" .
   [0 0 0 0 0 1 0 0])
  ("word" .
   [4 0 0 0])
  ("connection" .
   [0 0 0 0 0 1 0 1 0 0])
  ("date" .
   [1 0 0 0])
  ("server" .
   [1 0 0 0 0 0])
  ("type" .
   [1 0 0 0])
  ("while" .
   [2 0 0 0 0])
  ("copy_block" .
   [1 0 0 0 0 1 0 1 0 0])
  ("trans_block" .
   [1 0 0 0 2 2 3 0 0 3 0])
  ("trans" .
   [3 0 0 0 0])
  ("move" .
   [1 0 0 0])
  ("then" .
   [1 0 0 0])
  ("4x4" .
   [1 0 0])
  ("blocks" .
   [1 0 0 0 0 0])
  ("move_block_4" .
   [0 0 0 0 1 0 0 0 0 0 0 0])))
